40 43 35 31 15 29 8 27 12 36 49 16 17 3 5 25 38 32 45 26 41 23 2 22 34 21 39 11 42 37 9 24 0 20 30 33 1 7 13 28 47 10 19 18 48 4 44 14 6 46
17 15 9 23 45 5 8 1 26 4 0 18 12 24 7 48 41 31 47 32 16 38 28 49 20 3 43 44 46 11 36 10 35 2 39 30 22 29 34 37 33 42 14 40 27 19 13 21 6 25
25 37 8 13 14 5 18 26 45 9 23 46 36 43 47 15 35 21 32 2 39 41 31 17 24 22 28 42 27 4 34 12 19 44 3 49 11 30 16 1 20 29 0 40 38 7 33 48 6 10
49 9 35 46 6 30 40 14 43 3 11 17 19 13 8 38 2 37 27 36 21 45 16 25 29 24 28 44 47 39 41 20 42 34 18 31 0 5 32 22 1 4 26 33 12 23 10 7 15 48
13 29 1 6 25 11 19 35 9 31 12 47 18 32 10 23 21 28 42 15 16 2 34 46 22 33 26 43 37 44 5 41 45 7 36 49 24 27 17 0 38 8 3 40 4 48 30 39 20 14
21 46 4 43 47 10 3 5 8 40 33 20 37 19 29 12 35 42 23 32 30 31 13 2 15 11 26 16 27 48 39 17 22 25 36 34 28 45 9 7 6 38 18 49 41 24 44 0 14 1
35 19 42 44 12 37 3 8 47 22 2 33 24 34 41 10 21 15 23 31 48 46 38 16 32 36 17 20 0 6 14 29 43 26 11 4 49 25 27 30 13 7 5 1 39 28 45 9 40 18
39 28 41 7 18 45 35 36 9 17 6 1 20 8 43 5 38 23 24 27 25 40 34 47 19 13 2 29 44 22 11 30 37 32 31 42 49 12 10 48 14 3 26 33 15 4 21 46 0 16
35 43 34 13 22 32 16 9 33 31 8 4 39 18 25 5 24 26 20 38 14 21 23 11 7 1 0 12 45 46 36 6 42 30 48 37 49 27 2 40 15 3 47 41 28 17 44 19 29 10
33 37 1 5 20 4 29 31 11 21 44 39 17 26 46 32 42 41 27 24 38 22 3 30 13 23 2 48 47 36 18 8 49 45 12 16 14 6 40 35 25 10 9 19 43 0 15 28 34 7
