9
5 4
_ 2 1 2

9
6 4
_ _ 1 2

8
4 7
2 2 1 _

8
7 5
2 1 2 2

8
6 4
1 _ 1 1

7
5 6
1 2 1 _

7
6 4
2 _ 1 2

9
5 4
2 _ 1 1

8
4 4
1 1 2 1

9
5 5
_ _ 2 2

8
5 5
1 2 1 2

9
7 7
2 2 1 2

8
5 5
2 1 2 1

7
4 4
_ _ _ 1

7
6 5
2 1 2 1

7
5 5
1 1 1 1

8
6 4
2 1 1 1

7
4 4
1 1 _ 2

9
4 4
2 1 1 2

7
4 5
2 2 2 1

7
6 5
1 _ 1 1

8
5 7
1 1 _ _

7
5 4
_ 2 2 _

9
8 5
_ _ 1 1

8
6 6
1 _ 1 1

9
5 5
2 1 2 1

7
4 5
_ 1 _ _

9
4 6
_ _ 2 2

7
6 6
1 1 1 2

9
4 7
2 2 1 _

8
6 6
1 1 2 1

7
6 4
1 _ 2 1

8
7 5
_ _ _ 1

7
6 6
1 1 1 _

9
4 6
2 _ _ _

7
4 4
_ _ 2 1

9
8 4
2 1 2 2

8
7 7
_ _ 1 2

8
5 4
1 2 _ _

9
6 8
1 1 _ 2

9
4 6
1 1 2 _

8
6 6
_ _ 2 2

9
7 4
_ _ 1 2

8
6 5
2 2 1 2

7
4 5
_ 2 _ _

9
6 7
2 1 1 1

7
6 4
1 1 2 1

8
4 7
1 2 2 2

8
6 7
2 2 2 1

8
6 6
_ 1 _ 1

8
7 5
_ _ 1 _

8
5 4
_ _ 2 _

7
4 5
2 _ _ 2

7
5 4
_ _ 1 1

7
6 4
1 1 2 1

8
7 7
1 2 1 1

7
4 4
2 2 1 2

9
4 4
1 2 2 _

7
5 5
1 2 2 2

7
5 5
2 1 2 1

7
4 4
1 2 _ 2

7
4 5
2 1 1 2

7
5 6
1 2 1 1

7
6 4
1 _ 2 1

7
6 6
2 _ 1 2

8
4 7
1 2 2 2

9
4 5
1 2 2 1

8
4 5
2 2 2 1

9
8 5
2 2 _ 2

9
6 5
2 1 1 2

9
4 7
1 2 _ _

7
5 5
2 1 1 2

7
5 6
2 2 _ 2

8
6 4
_ 2 2 2

8
4 5
2 2 2 2

8
4 5
2 _ _ _

9
6 5
1 1 2 _

7
4 4
1 2 2 2

7
4 5
_ _ 2 1

7
5 6
1 2 _ _

9
8 6
_ 1 _ _

8
5 6
2 1 _ 1

8
7 6
1 _ _ _

9
5 4
1 1 1 2

7
4 5
1 2 1 1

8
5 7
1 2 2 _

8
6 6
1 1 2 1

7
5 4
1 1 1 2

9
6 6
1 1 1 1

7
5 5
1 1 2 _

8
5 4
1 _ 2 _

9
7 5
_ _ 1 1

7
5 6
1 1 1 1

8
7 5
1 2 _ _

7
4 4
1 1 1 1

7
5 6
2 2 2 1

8
4 4
2 1 1 2

9
7 8
_ 2 1 1

7
4 4
1 2 2 1

7
4 4
1 2 2 2

9
4 5
2 1 1 _

9
8 8
2 1 2 2

9
8 7
1 2 2 2

9
8 8
2 1 _ 2

9
8 7
_ _ 1 _

9
5 6
2 1 2 _

7
6 5
1 1 2 1

7
6 5
1 2 2 2

9
6 4
1 2 2 2

7
4 4
2 1 2 1

7
4 6
1 2 1 1

9
4 4
2 2 1 1

7
4 4
2 _ _ _

9
6 6
1 1 _ 2

8
6 7
_ _ 2 _

7
6 6
_ _ 2 1

8
6 4
_ 2 2 2

7
6 6
2 1 2 _

7
6 5
2 1 2 2

9
6 7
_ _ 2 _

8
6 7
2 2 2 2

8
5 6
2 1 _ _

7
4 5
1 2 _ 2

9
4 4
2 2 2 2

9
8 5
_ _ 2 2
